TABLA DE RESULTADOS DEL ALGORITMO RAMIFICACION Y PODA
____________________________________________________________________________________________________________________________________________
Problema                 n         K         m         z              S                        CPU                      Nodos_generados
____________________________________________________________________________________________________________________________________________
max_div_15_2.txt         15        2         2         11.86          8 6                      1.83e-03                 15        
max_div_15_2.txt         15        2         3         27.37          0 6 8                    3.10e-02                 25        
max_div_15_2.txt         15        2         4         49.83          0 5 8 6                  1.72e-01                 187       
max_div_15_2.txt         15        2         5         79.13          0 8 6 3 5                1.34e+00                 1955      
____________________________________________________________________________________________________________________________________________
max_div_20_2.txt         20        2         2         8.51           17 18                    2.37e-03                 20        
max_div_20_2.txt         20        2         3         22.00          18 17 8                  3.81e-02                 22        
max_div_20_2.txt         20        2         4         40.00          1 8 2 18                 3.76e-01                 192       
max_div_20_2.txt         20        2         5         63.65          13 1 17 8 18             3.01e+00                 1897      
____________________________________________________________________________________________________________________________________________
max_div_30_2.txt         30        2         2         11.66          8 27                     7.82e-03                 30        
max_div_30_2.txt         30        2         3         28.94          1 8 27                   1.38e-01                 33        
max_div_30_2.txt         30        2         4         52.77          8 27 1 10                8.91e-01                 136       
max_div_30_2.txt         30        2         5         80.91          12 8 27 1 10             1.09e+01                 1740      
____________________________________________________________________________________________________________________________________________
max_div_15_3.txt         15        3         2         13.27          11 8                     1.05e-03                 15        
max_div_15_3.txt         15        3         3         31.87          6 4 11                   1.83e-02                 27        
max_div_15_3.txt         15        3         4         59.76          11 8 4 10                9.96e-02                 107       
max_div_15_3.txt         15        3         5         96.09          13 3 8 11 4              4.08e-01                 569       
____________________________________________________________________________________________________________________________________________
max_div_20_3.txt         20        3         2         11.80          12 13                    2.32e-03                 20        
max_div_20_3.txt         20        3         3         30.87          12 13 7                  3.27e-02                 20        
max_div_20_3.txt         20        3         4         56.69          16 13 2 12               2.46e-01                 137       
max_div_20_3.txt         20        3         5         92.83          7 2 16 13 12             7.04e-01                 411       
____________________________________________________________________________________________________________________________________________
max_div_30_3.txt         30        3         2         13.07          16 6                     7.41e-03                 30        
max_div_30_3.txt         30        3         3         34.29          5 16 23                  1.42e-01                 34        
max_div_30_3.txt         30        3         4         63.70          5 16 13 23               7.14e-01                 115       
max_div_30_3.txt         30        3         5         99.59          14 13 23 5 16            7.72e+00                 1348      
____________________________________________________________________________________________________________________________________________
