TABLA DE RESULTADOS DEL ALGORITMO GRASP
_________________________________________________________________________________________________
Problema                 n         K         m         Iter           |LRC|     z              S         CPU                      
_________________________________________________________________________________________________
max_div_15_3.txt         15        3         2         10             2         13.2732        2         0                        
max_div_15_3.txt         15        3         2         10             3         13.2732        2         0                        
max_div_15_3.txt         15        3         2         20             2         13.2732        2         0                        
max_div_15_3.txt         15        3         2         20             3         13.2732        2         0                        
max_div_15_3.txt         15        3         3         10             2         31.8685        3         0                        
max_div_15_3.txt         15        3         3         10             3         30.3241        3         0                        
max_div_15_3.txt         15        3         3         20             2         31.8685        3         0                        
max_div_15_3.txt         15        3         3         20             3         31.8685        3         0                        
max_div_15_3.txt         15        3         4         10             2         59.7638        4         0                        
max_div_15_3.txt         15        3         4         10             3         58.7287        4         0                        
max_div_15_3.txt         15        3         4         20             2         59.7638        4         0                        
max_div_15_3.txt         15        3         4         20             3         59.7638        4         0                        
max_div_15_3.txt         15        3         5         10             2         94.7487        5         0                        
max_div_15_3.txt         15        3         5         10             3         91.5969        5         0                        
max_div_15_3.txt         15        3         5         20             2         94.7487        5         0                        
max_div_15_3.txt         15        3         5         20             3         94.7487        5         0                        
_________________________________________________________________________________________________
max_div_15_2.txt         15        2         2         10             2         11.8592        2         0                        
max_div_15_2.txt         15        2         2         10             3         11.8592        2         0                        
max_div_15_2.txt         15        2         2         20             2         11.8592        2         0                        
max_div_15_2.txt         15        2         2         20             3         11.8592        2         0                        
max_div_15_2.txt         15        2         3         10             2         25.7262        3         0                        
max_div_15_2.txt         15        2         3         10             3         25.9285        3         0                        
max_div_15_2.txt         15        2         3         20             2         25.7262        3         0                        
max_div_15_2.txt         15        2         3         20             3         26.0136        3         0                        
max_div_15_2.txt         15        2         4         10             2         48.8153        4         0                        
max_div_15_2.txt         15        2         4         10             3         48.8153        4         0                        
max_div_15_2.txt         15        2         4         20             2         49.0107        4         0                        
max_div_15_2.txt         15        2         4         20             3         49.5462        4         0                        
max_div_15_2.txt         15        2         5         10             2         77.787         5         0                        
max_div_15_2.txt         15        2         5         10             3         75.6025        5         0                        
max_div_15_2.txt         15        2         5         20             2         77.787         5         0                        
max_div_15_2.txt         15        2         5         20             3         77.787         5         0                        
_________________________________________________________________________________________________
max_div_20_3.txt         20        3         2         10             2         11.8003        2         0                        
max_div_20_3.txt         20        3         2         10             3         11.8003        2         0                        
max_div_20_3.txt         20        3         2         20             2         11.8003        2         0                        
max_div_20_3.txt         20        3         2         20             3         11.8003        2         0                        
max_div_20_3.txt         20        3         3         10             2         30.8727        3         0                        
max_div_20_3.txt         20        3         3         10             3         30.8727        3         0                        
max_div_20_3.txt         20        3         3         20             2         30.8727        3         0                        
max_div_20_3.txt         20        3         3         20             3         30.8727        3         0                        
max_div_20_3.txt         20        3         4         10             2         55.6417        4         0                        
max_div_20_3.txt         20        3         4         10             3         56.6903        4         0                        
max_div_20_3.txt         20        3         4         20             2         56.5347        4         0                        
max_div_20_3.txt         20        3         4         20             3         56.6903        4         0                        
max_div_20_3.txt         20        3         5         10             2         90.8648        5         0                        
max_div_20_3.txt         20        3         5         10             3         90.6301        5         0                        
max_div_20_3.txt         20        3         5         20             2         92.8297        5         0                        
max_div_20_3.txt         20        3         5         20             3         92.8297        5         0                        
_________________________________________________________________________________________________
max_div_20_2.txt         20        2         2         10             2         8.51033        2         0                        
max_div_20_2.txt         20        2         2         10             3         8.51033        2         0                        
max_div_20_2.txt         20        2         2         20             2         8.51033        2         0                        
max_div_20_2.txt         20        2         2         20             3         8.51033        2         0                        
max_div_20_2.txt         20        2         3         10             2         21.9961        3         0                        
max_div_20_2.txt         20        2         3         10             3         21.9961        3         0                        
max_div_20_2.txt         20        2         3         20             2         21.9961        3         0                        
max_div_20_2.txt         20        2         3         20             3         21.9961        3         0                        
max_div_20_2.txt         20        2         4         10             2         39.7018        4         0                        
max_div_20_2.txt         20        2         4         10             3         39.8292        4         0                        
max_div_20_2.txt         20        2         4         20             2         39.7018        4         0                        
max_div_20_2.txt         20        2         4         20             3         40.0023        4         0                        
max_div_20_2.txt         20        2         5         10             2         62.8729        5         0                        
max_div_20_2.txt         20        2         5         10             3         63.6517        5         0                        
max_div_20_2.txt         20        2         5         20             2         63.6517        5         0                        
max_div_20_2.txt         20        2         5         20             3         62.8729        5         0                        
_________________________________________________________________________________________________
max_div_30_2.txt         30        2         2         10             2         11.6571        2         0                        
max_div_30_2.txt         30        2         2         10             3         11.6571        2         0                        
max_div_30_2.txt         30        2         2         20             2         11.6571        2         0                        
max_div_30_2.txt         30        2         2         20             3         11.6571        2         0                        
max_div_30_2.txt         30        2         3         10             2         28.9443        3         0                        
max_div_30_2.txt         30        2         3         10             3         27.5943        3         0                        
max_div_30_2.txt         30        2         3         20             2         28.9443        3         0                        
max_div_30_2.txt         30        2         3         20             3         27.5943        3         0                        
max_div_30_2.txt         30        2         4         10             2         52.7712        4         0                        
max_div_30_2.txt         30        2         4         10             3         50.8481        4         0                        
max_div_30_2.txt         30        2         4         20             2         52.7712        4         0                        
max_div_30_2.txt         30        2         4         20             3         52.7712        4         0                        
max_div_30_2.txt         30        2         5         10             2         80.0675        5         0                        
max_div_30_2.txt         30        2         5         10             3         78.6392        5         0                        
max_div_30_2.txt         30        2         5         20             2         78.9902        5         0                        
max_div_30_2.txt         30        2         5         20             3         80.9102        5         0                        
_________________________________________________________________________________________________
max_div_30_3.txt         30        3         2         10             2         13.0737        2         0                        
max_div_30_3.txt         30        3         2         10             3         13.0737        2         0                        
max_div_30_3.txt         30        3         2         20             2         13.0737        2         0                        
max_div_30_3.txt         30        3         2         20             3         13.0737        2         0                        
max_div_30_3.txt         30        3         3         10             2         34.2905        3         0                        
max_div_30_3.txt         30        3         3         10             3         33.5049        3         0                        
max_div_30_3.txt         30        3         3         20             2         34.2905        3         0                        
max_div_30_3.txt         30        3         3         20             3         34.2905        3         0                        
max_div_30_3.txt         30        3         4         10             2         63.702         4         0                        
max_div_30_3.txt         30        3         4         10             3         63.702         4         0                        
max_div_30_3.txt         30        3         4         20             2         63.702         4         0                        
max_div_30_3.txt         30        3         4         20             3         63.702         4         0                        
max_div_30_3.txt         30        3         5         10             2         99.592         5         0                        
max_div_30_3.txt         30        3         5         10             3         99.5088        5         0                        
max_div_30_3.txt         30        3         5         20             2         99.592         5         0                        
max_div_30_3.txt         30        3         5         20             3         99.592         5         0                        
_________________________________________________________________________________________________
