TABLA DE RESULTADOS DEL ALGORITMO GRASP
____________________________________________________________________________________________________________________________________________
Problema                 n         K         m         Iter           |LRC|     z              S                        CPU                      
____________________________________________________________________________________________________________________________________________
max_div_15_2.txt         15        2         2         10             2         11.86          8 6                      0.00                     
max_div_15_2.txt         15        2         2         10             3         11.86          8 6                      0.00                     
max_div_15_2.txt         15        2         2         20             2         11.86          8 6                      0.00                     
max_div_15_2.txt         15        2         2         20             3         11.86          8 6                      0.00                     
max_div_15_2.txt         15        2         3         10             2         27.37          8 0 6                    0.00                     
max_div_15_2.txt         15        2         3         10             3         27.37          8 6 0                    0.00                     
max_div_15_2.txt         15        2         3         20             2         27.37          0 6 8                    0.00                     
max_div_15_2.txt         15        2         3         20             3         27.37          0 6 8                    0.00                     
max_div_15_2.txt         15        2         4         10             2         49.83          8 6 0 5                  0.00                     
max_div_15_2.txt         15        2         4         10             3         49.83          0 6 8 5                  0.00                     
max_div_15_2.txt         15        2         4         20             2         49.83          0 6 8 5                  0.00                     
max_div_15_2.txt         15        2         4         20             3         49.83          0 5 8 6                  0.00                     
max_div_15_2.txt         15        2         5         10             2         79.13          8 6 0 5 3                0.00                     
max_div_15_2.txt         15        2         5         10             3         79.13          8 6 0 5 3                0.00                     
max_div_15_2.txt         15        2         5         20             2         79.13          8 0 3 6 5                0.00                     
max_div_15_2.txt         15        2         5         20             3         79.13          8 5 0 6 3                0.00                     
____________________________________________________________________________________________________________________________________________
