TABLA DE RESULTADOS DEL ALGORITMO VORAZ
_________________________________________________________________________________________________
Problema                 n         K         m         z              S         CPU                      
_________________________________________________________________________________________________
max_div_15_3.txt         15        3         2         13.27          2         0.00                     
max_div_15_3.txt         15        3         3         30.32          3         0.00                     
max_div_15_3.txt         15        3         4         59.76          4         0.00                     
max_div_15_3.txt         15        3         5         94.75          5         0.00                     
_________________________________________________________________________________________________
max_div_15_2.txt         15        2         2         11.86          2         0.00                     
max_div_15_2.txt         15        2         3         25.73          3         0.00                     
max_div_15_2.txt         15        2         4         48.41          4         0.00                     
max_div_15_2.txt         15        2         5         73.56          5         0.00                     
_________________________________________________________________________________________________
max_div_20_3.txt         20        3         2         11.80          2         0.00                     
max_div_20_3.txt         20        3         3         30.87          3         0.00                     
max_div_20_3.txt         20        3         4         56.53          4         0.00                     
max_div_20_3.txt         20        3         5         92.83          5         0.00                     
_________________________________________________________________________________________________
max_div_20_2.txt         20        2         2         8.51           2         0.00                     
max_div_20_2.txt         20        2         3         22.00          3         0.00                     
max_div_20_2.txt         20        2         4         39.57          4         0.00                     
max_div_20_2.txt         20        2         5         61.24          5         0.00                     
_________________________________________________________________________________________________
max_div_30_2.txt         30        2         2         11.66          2         0.00                     
max_div_30_2.txt         30        2         3         28.94          3         0.00                     
max_div_30_2.txt         30        2         4         52.77          4         0.00                     
max_div_30_2.txt         30        2         5         80.91          5         0.00                     
_________________________________________________________________________________________________
max_div_30_3.txt         30        3         2         13.07          2         0.00                     
max_div_30_3.txt         30        3         3         33.84          3         0.00                     
max_div_30_3.txt         30        3         4         63.52          4         0.00                     
max_div_30_3.txt         30        3         5         99.51          5         0.00                     
_________________________________________________________________________________________________
